{
 "metadata": {
  "name": "",
  "signature": "sha256:eb8c502de73cfdd6e75124748fd3696d29798210a37b544854d80dda058883c8"
 },
 "nbformat": 3,
 "nbformat_minor": 0,
 "worksheets": [
  {
   "cells": [
    {
     "cell_type": "code",
     "collapsed": false,
     "input": [
      "import numpy as np\n",
      "import matplotlib.pyplot as plt\n",
      "from sklearn import svm, datasets\n",
      "from sklearn.metrics import roc_curve, auc\n",
      "from sklearn.cross_validation import train_test_split\n",
      "from sklearn.preprocessing import label_binarize\n",
      "from sklearn.ensemble import RandomForestClassifier\n",
      "\n",
      "# Import some data to play with\n",
      "iris = datasets.load_iris()\n",
      "X = iris.data\n",
      "y = iris.target"
     ],
     "language": "python",
     "metadata": {},
     "outputs": [],
     "prompt_number": 1
    },
    {
     "cell_type": "code",
     "collapsed": false,
     "input": [
      "# Add noisy features to make the problem harder\n",
      "random_state = np.random.RandomState(0)\n",
      "n_samples, n_features = X.shape\n",
      "X = np.c_[X, random_state.randn(n_samples, 200 * n_features)]\n",
      "\n",
      "\n",
      "# shuffle and split training and test sets\n",
      "X_train, X_test, y_train, y_test = train_test_split(X, y, test_size=.5, random_state=0)\n",
      "\n",
      "# Create Random Forest Classifier\n",
      "clf = RandomForestClassifier(n_estimators=50, n_jobs=-1)"
     ],
     "language": "python",
     "metadata": {},
     "outputs": [],
     "prompt_number": 2
    },
    {
     "cell_type": "code",
     "collapsed": false,
     "input": [
      "print clf.fit(X_train, y_train).predict_proba(X_test)"
     ],
     "language": "python",
     "metadata": {},
     "outputs": [
      {
       "output_type": "stream",
       "stream": "stdout",
       "text": [
        "[[ 0.28  0.24  0.48]\n",
        " [ 0.3   0.32  0.38]\n",
        " [ 0.5   0.34  0.16]\n",
        " [ 0.2   0.28  0.52]\n",
        " [ 0.6   0.24  0.16]\n",
        " [ 0.3   0.24  0.46]\n",
        " [ 0.52  0.3   0.18]\n",
        " [ 0.32  0.32  0.36]\n",
        " [ 0.36  0.34  0.3 ]\n",
        " [ 0.34  0.3   0.36]\n",
        " [ 0.26  0.38  0.36]\n",
        " [ 0.3   0.32  0.38]\n",
        " [ 0.16  0.46  0.38]\n",
        " [ 0.32  0.32  0.36]\n",
        " [ 0.3   0.38  0.32]\n",
        " [ 0.66  0.2   0.14]\n",
        " [ 0.28  0.3   0.42]\n",
        " [ 0.32  0.26  0.42]\n",
        " [ 0.42  0.3   0.28]\n",
        " [ 0.58  0.14  0.28]\n",
        " [ 0.26  0.24  0.5 ]\n",
        " [ 0.26  0.42  0.32]\n",
        " [ 0.42  0.28  0.3 ]\n",
        " [ 0.5   0.3   0.2 ]\n",
        " [ 0.32  0.38  0.3 ]\n",
        " [ 0.56  0.22  0.22]\n",
        " [ 0.44  0.3   0.26]\n",
        " [ 0.28  0.34  0.38]\n",
        " [ 0.36  0.4   0.24]\n",
        " [ 0.5   0.22  0.28]\n",
        " [ 0.34  0.32  0.34]\n",
        " [ 0.46  0.3   0.24]\n",
        " [ 0.48  0.26  0.26]\n",
        " [ 0.32  0.26  0.42]\n",
        " [ 0.12  0.34  0.54]\n",
        " [ 0.3   0.38  0.32]\n",
        " [ 0.4   0.26  0.34]\n",
        " [ 0.24  0.3   0.46]\n",
        " [ 0.28  0.34  0.38]\n",
        " [ 0.26  0.38  0.36]\n",
        " [ 0.22  0.34  0.44]\n",
        " [ 0.62  0.22  0.16]\n",
        " [ 0.3   0.28  0.42]\n",
        " [ 0.48  0.26  0.26]\n",
        " [ 0.56  0.22  0.22]\n",
        " [ 0.36  0.32  0.32]\n",
        " [ 0.14  0.32  0.54]\n",
        " [ 0.22  0.34  0.44]\n",
        " [ 0.24  0.34  0.42]\n",
        " [ 0.18  0.36  0.46]\n",
        " [ 0.4   0.36  0.24]\n",
        " [ 0.24  0.42  0.34]\n",
        " [ 0.28  0.34  0.38]\n",
        " [ 0.46  0.26  0.28]\n",
        " [ 0.26  0.36  0.38]\n",
        " [ 0.22  0.3   0.48]\n",
        " [ 0.32  0.34  0.34]\n",
        " [ 0.14  0.4   0.46]\n",
        " [ 0.34  0.34  0.32]\n",
        " [ 0.28  0.14  0.58]\n",
        " [ 0.26  0.36  0.38]\n",
        " [ 0.6   0.14  0.26]\n",
        " [ 0.26  0.38  0.36]\n",
        " [ 0.38  0.34  0.28]\n",
        " [ 0.4   0.4   0.2 ]\n",
        " [ 0.32  0.34  0.34]\n",
        " [ 0.34  0.34  0.32]\n",
        " [ 0.2   0.18  0.62]\n",
        " [ 0.52  0.24  0.24]\n",
        " [ 0.4   0.24  0.36]\n",
        " [ 0.22  0.36  0.42]\n",
        " [ 0.28  0.26  0.46]\n",
        " [ 0.48  0.2   0.32]\n",
        " [ 0.6   0.16  0.24]\n",
        " [ 0.26  0.38  0.36]]\n"
       ]
      }
     ],
     "prompt_number": 3
    }
   ],
   "metadata": {}
  }
 ]
}
